-1
2475676000
1974938000
1596940000
-1
2385551000
1613985000
749294000
749294000
-1
2660723000
2660722000
2660722000
2660722000
758893000
50793000
-1
2058119000
1952401000
1611423000
1109771000
740874000
319634000
-1
2460307000
2460307000
2409487000
2401933000
2301284000
1541228000
343719000
319291000
-1
1985246000
1985245000
1985241000
1985231000
259631000
-1
2297439000
2297439000
2297439000
2297439000
1592974000
1373197000
1346985000
1265998000
764996000
764995000
-1
2401677000
1690972000
1690971000
495171000
494998000
494677000
494521000
-1
2055332000
2055332000
2055332000
2055331000
1888778000
1888557000
1888122000
1881485000
1860446000
1850331000
1849436000
1183160000
601460000
316854000
316771000
316631000
316490000
316316000
316073000
315864000
315653000
315333000
315017000
-1
1257133000
1257132000
-1
2642755000
2642587000
1846526000
1378778000
1378697000
1378431000
1378272000
1378204000
1175425000
1175425000
1175424000
1175424000
1174472000
1174408000
1174328000
77883000
77883000
-1
2157324000
2085137000
2067599000
2066807000
1959644000
1958209000
1119371000
890381000
860152000
-1
2135489000
662038000
-1
2492606000
1357870000
1165558000
-1
2394945000
2329638000
2070725000
-1
1286076000
311368000
234369000
88588000
