58423000
46611000
38166000
-1
2590924000
2584916000
2555235000
2546104000
2544240000
2543522000
2493787000
2475676000
2475647000
2466614000
2283111000
2156986000
2153114000
2146740000
2146380000
2145900000
2129156000
2116105000
2039683000
2024551000
1980408000
1974938000
1974938000
1969831000
1968574000
1963277000
1951837000
1951791000
1935779000
1868060000
1863689000
1804115000
1785240000
1784760000
1784275000
1768798000
1764591000
1722926000
1639440000
1639140000
1638840000
1638508000
1627764000
1596940000
1596939000
1511557000
1454149000
1428822000
1418578000
1345541000
1335186000
1333972000
1332906000
1265184000
1261475000
1001634000
999567000
912243000
896514000
858900000
858252000
730591000
729685000
728678000
674488000
672938000
671940000
671127000
649786000
641098000
636916000
559140000
558668000
556953000
555660000
550182000
318276000
252228000
246781000
130343000
39117000
38241000
37209000
36657000
31807000
-1
2651799000
2646060000
2644803000
2643420000
2642638000
2640776000
2481256000
2405407000
2387012000
2385551000
2384801000
2381532000
2244273000
2130600000
2130060000
2129520000
2128852000
1855594000
1811033000
1774018000
1634145000
1613985000
1613985000
1541196000
1414703000
1335189000
1082171000
1010481000
1002359000
983897000
941127000
917514000
749294000
749294000
749293000
729147000
661585000
653533000
566283000
481700000
470200000
465607000
381858000
378958000
334903000
323245000
321180000
320854000
319740000
318320000
294141000
-1
2671429000
2660723000
2660722000
2660722000
2660722000
2660721000
2573112000
2547377000
2543096000
2463540000
2462740000
2461694000
2460378000
2459215000
2394697000
2392133000
2329524000
2328720000
2328120000
2327486000
2316720000
2236756000
2194449000
2107937000
1961054000
1949665000
1948420000
1873209000
1867320000
1866304000
1864173000
1852202000
1851306000
1798882000
1771258000
1756109000
1754738000
1752752000
1696554000
1597804000
1546353000
1422598000
1357756000
1346638000
1274524000
1270138000
1252629000
1245016000
1195181000
1183618000
1093749000
1083813000
1035442000
1035416000
1022476000
922056000
854785000
853803000
845648000
809783000
772164000
767885000
766972000
765174000
759157000
758893000
742919000
741997000
740860000
726020000
684394000
660063000
658637000
635500000
571489000
493294000
492440000
468926000
395226000
394626000
387983000
380566000
309840000
309360000
308868000
301585000
225390000
224447000
222950000
222019000
155206000
149110000
147866000
145541000
144282000
127359000
50793000
50792000
-1
2584761000
2583722000
2574699000
2544808000
2416264000
2382995000
2382073000
2375259000
2367999000
2365108000
2313307000
2305560000
2299237000
2297607000
2289327000
2225736000
2211315000
2128903000
2106147000
2058119000
2058056000
2026757000
2022865000
1956811000
1952401000
1952400000
1879237000
1794501000
1768273000
1701440000
1699680000
1697741000
1696947000
1695938000
1674126000
1611423000
1611423000
1598699000
1537827000
1534129000
1518566000
1516332000
1515027000
1513758000
1454748000
1435734000
1422956000
1420375000
1418828000
1364160000
1363277000
1347757000
1263720000
1263060000
1262452000
1260874000
1187346000
1185060000
1183479000
1181340000
1180295000
1179110000
1109771000
1090758000
1080848000
1026096000
987337000
908913000
847078000
842074000
834462000
819540000
818880000
818220000
764570000
753613000
744261000
740874000
739413000
729281000
723735000
677176000
576875000
575958000
575091000
574163000
397388000
388197000
319634000
319617000
241904000
239789000
238638000
237781000
228667000
223620000
222417000
221230000
217991000
215497000
144725000
52252000
-1
2651520000
2650860000
2650080000
2649264000
2647672000
2627520000
2626226000
2554915000
2547571000
2464169000
2460307000
2460307000
2460307000
2409487000
2409431000
2401933000
2401854000
2374544000
2301284000
2300767000
2291706000
2288313000
2286865000
2286065000
2236202000
2210476000
2102629000
1961580000
1960930000
1959837000
1958460000
1957620000
1956829000
1714461000
1701685000
1700678000
1688324000
1687841000
1685481000
1684737000
1630671000
1620488000
1611026000
1542552000
1541228000
1541228000
1432516000
1353074000
1352160000
1351419000
1350061000
1342094000
1254371000
1252265000
1243166000
1078971000
1078415000
1076328000
991304000
914741000
831714000
751020000
750180000
748396000
747004000
729497000
668943000
497933000
479100000
478411000
477074000
476334000
421032000
412747000
412121000
411122000
343719000
343719000
319291000
319054000
148260000
147472000
145140000
144062000
126877000
117893000
35569000
-1
2569515000
2461724000
2460881000
2412167000
2410553000
2409662000
2407440000
2369482000
2290905000
2153400000
2152640000
2151720000
2150809000
2117197000
2050064000
2048868000
1985246000
1985245000
1985241000
1985231000
1985229000
1888753000
1878060000
1877424000
1875836000
1860594000
1858756000
1857767000
1857291000
1798255000
1780000000
1551746000
1551052000
1550170000
1548568000
1262536000
1252661000
1250444000
1192680000
1097920000
1017978000
1017463000
1013185000
1011071000
899872000
764439000
735928000
735611000
735311000
733833000
731390000
651975000
561084000
513514000
388868000
387757000
386920000
385510000
383762000
382474000
379772000
334770000
332732000
324236000
323635000
322745000
321521000
320061000
259631000
258875000
140847000
75397000
-1
2657308000
2410930000
2410578000
2408707000
2407662000
2310674000
2297439000
2297439000
2297439000
2297439000
2297438000
2167378000
2157855000
2156334000
2155454000
2128261000
2110300000
2110265000
2064769000
2044296000
1885546000
1879316000
1878601000
1877498000
1876874000
1813805000
1812516000
1811871000
1777298000
1717488000
1694161000
1598301000
1592974000
1589701000
1525100000
1512330000
1511646000
1509881000
1508928000
1463520000
1460892000
1456330000
1449741000
1448694000
1447395000
1446214000
1445558000
1434463000
1376400000
1373197000
1373196000
1346985000
1346985000
1265998000
1265998000
1249140000
1207257000
1205968000
1205534000
1204897000
1204215000
1203407000
1098633000
1096683000
1095526000
1071876000
1031734000
1019481000
1016627000
1012823000
981937000
940519000
928189000
899811000
858094000
857611000
857195000
855765000
854367000
764996000
764995000
764995000
750108000
746481000
745587000
742759000
726712000
646563000
637441000
479638000
335427000
332806000
328129000
302771000
238653000
231764000
226740000
157961000
155278000
144644000
48163000
47246000
38608000
33981000
-1
2453373000
2401677000
2380505000
2379251000
2377444000
2362034000
2316992000
2291651000
2245915000
2204351000
2199947000
2197716000
2195614000
2152349000
2143293000
2137763000
2129656000
2122366000
2047691000
1952408000
1951642000
1951046000
1895745000
1883470000
1872108000
1862009000
1855528000
1852280000
1848269000
1805984000
1805508000
1803983000
1785708000
1778670000
1776726000
1772589000
1700629000
1692913000
1690972000
1690971000
1686528000
1680829000
1593529000
1592231000
1591566000
1547590000
1536274000
1530656000
1526543000
1523337000
1514828000
1455708000
1443428000
1443049000
1438424000
1255560000
1254738000
1254435000
1253958000
1253561000
1253194000
1112916000
1105081000
1083807000
1080266000
1030341000
1016113000
987247000
986039000
945840000
945261000
940067000
924050000
918444000
900784000
896126000
854479000
824237000
807698000
774073000
745043000
736038000
687374000
662779000
643805000
567969000
566314000
562495000
559321000
548626000
509193000
507762000
502990000
500124000
495171000
494998000
494677000
494521000
492170000
491102000
489280000
487480000
411123000
405506000
389433000
332801000
328030000
324095000
318957000
300003000
240393000
222032000
158924000
150269000
51441000
34675000
-1
2670386000
2641124000
2640787000
2568595000
2550649000
2408248000
2391900000
2385988000
2385226000
2312659000
2284417000
2281641000
2236021000
2226093000
2198314000
2166284000
2149845000
2140718000
2126555000
2125056000
2110968000
2064558000
2055332000
2055332000
2055332000
2055331000
2055331000
2050303000
2041233000
2040021000
2038728000
2026860000
1961687000
1958002000
1956669000
1938231000
1895371000
1888932000
1888778000
1888557000
1888551000
1888122000
1887153000
1885794000
1881485000
1881482000
1875995000
1865970000
1865364000
1864025000
1862817000
1861263000
1860446000
1858980000
1858305000
1852647000
1850331000
1850325000
1849436000
1848742000
1795618000
1787564000
1782812000
1765300000
1726569000
1725729000
1725269000
1724473000
1723401000
1684926000
1596166000
1513249000
1442858000
1415173000
1355381000
1345175000
1259936000
1196613000
1183160000
1177633000
1176237000
1175564000
1174972000
1092650000
1087727000
1084518000
1006286000
1004729000
1003424000
1002891000
755235000
661466000
649668000
638813000
601460000
595569000
594140000
574744000
484825000
475324000
316854000
316771000
316631000
316490000
316316000
316073000
315864000
315653000
315333000
315017000
304328000
303163000
302234000
301543000
300787000
300116000
299070000
-1
2664472000
2575468000
2574350000
2573427000
2572115000
2381365000
2298144000
2235575000
2050302000
2034391000
2026786000
2025905000
1806584000
1698023000
1681062000
1514923000
1432043000
1376043000
1350143000
1349460000
1348679000
1260776000
1257133000
1257132000
1257127000
1189866000
1100512000
1092531000
1091353000
1090970000
1090052000
1089406000
1088747000
1077810000
1007461000
945622000
944931000
943972000
915324000
906839000
850050000
848111000
846020000
843540000
840840000
839492000
824007000
813605000
732512000
725507000
597832000
496062000
483615000
483059000
465038000
407077000
398661000
379924000
330419000
327437000
320864000
319516000
318364000
314831000
313540000
313262000
242085000
235039000
231544000
223083000
218171000
158482000
158103000
154659000
154464000
147560000
139535000
139448000
139347000
138934000
138793000
121080000
39060000
-1
2554406000
2490938000
2476771000
2385582000
2311303000
2301178000
2198702000
2133015000
2125629000
2114103000
2104028000
2064041000
2053698000
1982950000
1942715000
1937264000
1886820000
1879746000
1875032000
1778856000
1769354000
1758589000
1696909000
1696084000
1694595000
1589326000
1438592000
1338359000
1182593000
1178454000
1006086000
1005346000
1004698000
907019000
865096000
864996000
816647000
690692000
689845000
686146000
685529000
684377000
678893000
674465000
673886000
673307000
668444000
648623000
647195000
645063000
644371000
638610000
638355000
637795000
632532000
608573000
596024000
595575000
595114000
594238000
593223000
584810000
580767000
572554000
571793000
570586000
566265000
565786000
565143000
559870000
559310000
555354000
549442000
548741000
548066000
547483000
508137000
507173000
497820000
485770000
484685000
483618000
479768000
475562000
473545000
471034000
470576000
428284000
424481000
423333000
415872000
411374000
405287000
398737000
397924000
389280000
353329000
352583000
352200000
351583000
350921000
349965000
349659000
336543000
330169000
315553000
231596000
214917000
207775000
170312000
169668000
168826000
168300000
152377000
139141000
137753000
136332000
127372000
76536000
75110000
74517000
67659000
60557000
57943000
54605000
48959000
47907000
43062000
42257000
36697000
95000
-1
2673182000
2672797000
2672019000
2665218000
2662971000
2659963000
2654996000
2651988000
2642755000
2642587000
2635180000
2632923000
2632391000
2589340000
2585148000
2584363000
2583843000
2578315000
2577302000
2562626000
2554657000
2551480000
2547977000
2546992000
2546201000
2505774000
2498155000
2497472000
2489781000
2474967000
2474489000
2473712000
2464377000
2451943000
2419013000
2416895000
2415549000
2415052000
2402689000
2385907000
2384593000
2384209000
2379145000
2368571000
2321428000
2299623000
2299088000
2298798000
2291992000
2285498000
2232347000
2230840000
2224213000
2210613000
2210172000
2202514000
2200765000
2150325000
2149902000
2149431000
2139484000
2129178000
2128496000
2127665000
2126982000
2116455000
2065103000
2064852000
2064368000
2054361000
2045023000
2044351000
2043504000
2022079000
1980926000
1977917000
1977486000
1976285000
1967786000
1959612000
1956324000
1944853000
1944110000
1937922000
1931429000
1890282000
1889440000
1888413000
1881661000
1871885000
1867804000
1867034000
1866129000
1846526000
1846526000
1807766000
1807154000
1806810000
1794420000
1779036000
1770108000
1762475000
1759378000
1623395000
1526755000
1525913000
1524349000
1523066000
1505427000
1460828000
1460001000
1451245000
1443652000
1436422000
1378778000
1378697000
1378431000
1378272000
1378204000
1378192000
1377693000
1377191000
1376412000
1375276000
1350408000
1338282000
1331922000
1255022000
1237620000
1237560000
1175425000
1175425000
1175424000
1175424000
1175347000
1174472000
1174408000
1174328000
1171654000
1170453000
1170048000
1151100000
1151040000
1110247000
1089475000
1088029000
1086671000
1079210000
1072395000
1012198000
997083000
996414000
980526000
938517000
938037000
931134000
929242000
919966000
914659000
857501000
854356000
854005000
852900000
844828000
814200000
771109000
769512000
768708000
767591000
758553000
756494000
734706000
730915000
729585000
728742000
686599000
681486000
680547000
670832000
658560000
658060000
657262000
651977000
651568000
650558000
601371000
600358000
599889000
590967000
587305000
584918000
570298000
569406000
568757000
561477000
515623000
483353000
482760000
480385000
473335000
469939000
418894000
417695000
409822000
400232000
398802000
337690000
336979000
335672000
326280000
298122000
294819000
249265000
248808000
248314000
239126000
225846000
213295000
212214000
168777000
163589000
163018000
162224000
152644000
147308000
138594000
127791000
77883000
77883000
77882000
76609000
75033000
66589000
53641000
53107000
51847000
45410000
44078000
40492000
39885000
38598000
-1
2581618000
2572312000
2563527000
2556462000
2555886000
2555493000
2535440000
2485994000
2472240000
2472180000
2471125000
2470991000
2459533000
2394360000
2392020000
2391415000
2368040000
2317920000
2306359000
2231465000
2227513000
2210532000
2157324000
2151037000
2146653000
2145270000
2141082000
2140065000
2131878000
2131117000
2120310000
2109606000
2086145000
2085959000
2085827000
2085671000
2085600000
2085388000
2085267000
2085137000
2085132000
2081802000
2081448000
2067599000
2067078000
2066807000
2065520000
2032873000
2025514000
2023442000
1976319000
1974808000
1971679000
1966013000
1959644000
1959642000
1958209000
1958206000
1891829000
1859880000
1855820000
1854144000
1805252000
1795634000
1764277000
1714265000
1710970000
1700279000
1640971000
1640707000
1639510000
1618858000
1596247000
1516030000
1510288000
1463820000
1463218000
1462583000
1436011000
1373997000
1357783000
1353298000
1334718000
1285195000
1270419000
1267133000
1259224000
1195849000
1170326000
1119371000
1113859000
1082064000
1069309000
1029531000
1001771000
994532000
924234000
918442000
912303000
912286000
912263000
892208000
890381000
860152000
853090000
838595000
836967000
720187000
665530000
642076000
641956000
639764000
635792000
567711000
566878000
497759000
398047000
395269000
385160000
383904000
337471000
320166000
319210000
319039000
311734000
226963000
226043000
225399000
217671000
214960000
127315000
122148000
62665000
33636000
-1
2638214000
2584576000
2582732000
2581239000
2564946000
2553110000
2498561000
2474775000
2473335000
2471774000
2408760000
2400817000
2384563000
2315393000
2314006000
2299015000
2289504000
2237789000
2228926000
2214433000
2212207000
2148649000
2145172000
2144838000
2129883000
2047720000
1982478000
1962121000
1954400000
1871940000
1871589000
1697591000
1696760000
1604773000
1514977000
1509835000
1414904000
1414863000
1355456000
908583000
905866000
858590000
821971000
762580000
745344000
744950000
743281000
676722000
674319000
663020000
659284000
646721000
584944000
578019000
577547000
577047000
564688000
508414000
502163000
491827000
487675000
486050000
424858000
397576000
396115000
395590000
302269000
170062000
72054000
59372000
55119000
54753000
-1
2662884000
2651732000
2650819000
2568784000
2555060000
2547764000
2541058000
2478672000
2373714000
2320716000
2292296000
2215324000
2154215000
2152791000
2135489000
2135438000
2048915000
2048044000
2027939000
1871515000
1871058000
1870364000
1867165000
1856048000
1789204000
1678658000
1525505000
1524702000
1523709000
1522982000
1515693000
1507544000
1459261000
1447849000
1436140000
1368335000
1366952000
1281377000
1275130000
1275088000
1249104000
1248461000
1247895000
1200612000
1175895000
1094734000
1074797000
1015790000
1003756000
995767000
925757000
906195000
905246000
903789000
902492000
853967000
831813000
821459000
730019000
722400000
678733000
662038000
662038000
646100000
598444000
574902000
513533000
500120000
340323000
339864000
338788000
331715000
325560000
320916000
298016000
229027000
228161000
227139000
218357000
164780000
163693000
158480000
135044000
127781000
74846000
65206000
64023000
-1
2492606000
2477413000
2452901000
2450948000
2445663000
2445134000
2444413000
2444290000
2405653000
2378814000
2377530000
2377410000
2372184000
2369680000
2369665000
2369643000
2363537000
2357306000
2356170000
2348263000
2348239000
2317166000
2295722000
2295696000
2236062000
2232024000
2127950000
2126061000
2123746000
2059995000
2041292000
1974030000
1881759000
1855968000
1803486000
1794366000
1786546000
1785327000
1784912000
1783931000
1777487000
1776871000
1697073000
1693289000
1684908000
1670032000
1631186000
1618480000
1603774000
1595212000
1529744000
1509764000
1455986000
1438949000
1433973000
1357870000
1356686000
1284926000
1251262000
1247033000
1200797000
1199414000
1168724000
1165558000
1154341000
1102928000
1084701000
1016608000
999513000
938068000
916035000
910635000
816764000
756998000
730796000
730775000
728052000
657057000
602497000
586024000
569119000
564564000
514670000
512893000
512021000
510913000
490931000
469104000
410302000
397946000
393543000
385536000
297119000
84772000
55491000
53225000
52063000
38407000
33834000
-1
2656833000
2638402000
2634881000
2624519000
2575248000
2563734000
2545595000
2538226000
2416540000
2399789000
2394945000
2394063000
2329638000
2329190000
2319983000
2251385000
2251093000
2249900000
2200376000
2197538000
2156765000
2147061000
2070725000
2070657000
2068009000
2066264000
2056755000
2054029000
2052575000
2047513000
2031386000
2027856000
1980131000
1978372000
1977684000
1977185000
1968607000
1966192000
1961223000
1953627000
1952861000
1947093000
1944663000
1936779000
1890456000
1889419000
1882165000
1879320000
1873588000
1865633000
1864714000
1856820000
1855088000
1849931000
1845395000
1807175000
1805331000
1804630000
1803800000
1795611000
1790626000
1775376000
1764403000
1764210000
1758919000
1717733000
1717306000
1709676000
1708270000
1703110000
1693539000
1692743000
1686979000
1684837000
1681405000
1633943000
1633443000
1623088000
1618500000
1608280000
1606906000
1597610000
1594380000
1547460000
1543345000
1542407000
1532808000
1528080000
1519808000
1511236000
1461937000
1460667000
1450424000
1443783000
1433534000
1430714000
1425934000
1415669000
1366658000
1365981000
1360764000
1349047000
1347741000
1342391000
1334046000
1329266000
1285055000
1283454000
1277636000
1274733000
1270036000
1265673000
1261560000
1260694000
1254225000
1253124000
1203887000
1200888000
1199349000
1190700000
1177268000
1176402000
1171105000
1162117000
1116360000
1112399000
1111494000
1104257000
1099576000
1092319000
1003152000
939331000
833818000
729040000
677409000
665923000
593508000
566496000
506760000
498424000
493489000
489560000
387807000
132147000
120324000
64949000
49936000
-1
2567539000
2483708000
2480382000
2421537000
2370003000
2300792000
2246280000
2244360000
2243302000
2235083000
2233916000
2231288000
2230685000
2222815000
2215546000
2213330000
2206322000
2197180000
2196552000
2191663000
2187837000
2154375000
2151715000
2149935000
2141160000
2138820000
2134244000
2131811000
2125337000
2125136000
2124690000
2116592000
2111770000
2111046000
2107613000
2106122000
2103400000
2066074000
2062548000
2061573000
2055348000
2054441000
2048029000
2043986000
2043601000
2033473000
1993474000
1991747000
1990543000
1989741000
1976864000
1942911000
1941063000
1902515000
1900251000
1899657000
1891624000
1883771000
1880704000
1872826000
1865687000
1855201000
1766921000
1758760000
1717480000
1709556000
1697137000
1691628000
1689724000
1681920000
1680366000
1631072000
1630084000
1623061000
1609910000
1608407000
1602572000
1602360000
1600869000
1598923000
1546732000
1545893000
1536449000
1532333000
1531567000
1515276000
1511762000
1500908000
1459825000
1458686000
1450270000
1449657000
1435235000
1426020000
1414694000
1372846000
1372270000
1363624000
1354876000
1345500000
1339458000
1332130000
1291954000
1291170000
1286076000
1284156000
1280756000
1275360000
1266963000
1263245000
1261441000
1260400000
1252159000
1204529000
1176236000
1174929000
1168115000
1166467000
1162516000
1121518000
1114245000
1111673000
1089111000
1077529000
1027261000
1026598000
1017900000
955476000
954092000
946245000
943623000
941877000
940857000
930649000
926478000
905524000
874176000
845613000
840821000
834310000
832783000
830363000
823653000
822480000
821792000
813636000
773785000
769027000
768021000
758723000
757807000
752922000
739048000
737194000
733902000
732274000
726233000
662578000
659172000
656224000
651649000
647995000
569349000
568302000
560580000
553794000
506226000
495781000
484560000
483638000
474240000
467638000
424777000
424427000
413340000
411180000
406990000
341428000
340448000
338489000
333125000
329705000
317261000
312856000
311368000
311368000
308597000
307080000
250393000
249818000
240240000
234369000
234090000
227343000
217793000
216517000
215451000
168480000
166113000
155820000
151092000
137562000
134302000
133806000
133351000
123646000
88588000
80837000
78256000
77126000
63830000
51394000
48359000
44957000
27230000
-1
2671468000
2666696000
2644363000
2641920000
2641474000
2639350000
2631120000
2627781000
2586570000
2582591000
